111accccccdddjjj
0000000000000000 @0
1111110000010000 D=M
0000000000010111 @1+2+4+16 = @23
1110001100000110 D;JLE
0000000000010000
1110001100001000
0100000000000000
1110110000010000
0000000000010001
1110001100001000
0000000000010001
1111110000100000
1110111010001000
0000000000010001
1111110000010000
0000000000100000
1110000010010000
0000000000010001
1110001100001000
0000000000010000
1111110010011000
0000000000001010 @0+2+0+8=10
1110001100000001
0000000000010111
1110101010000111
